Number of neurons in the visible layer: 5
Number of hidden layer neurons: 6
Number of auxiliary layer neurons: 7

First siamese RBM:

N_v = 5, N_h = 6, N_a = 7

W:
0.0683068 0.66472 0.194116 0.926283 0.105175
0.225713 0.896341 0.826181 0.0928125 0.889708
0.713762 0.517899 0.785389 0.587666 0.736836
0.67251 0.970071 0.988579 0.778103 0.0251493
0.921279 0.410912 0.189703 0.204009 0.864004
0.155145 0.774831 0.483106 0.783309 0.0449048

V:
0.701963 0.730507 0.637479 0.780034 0.846709
0.89331 0.234638 0.0113966 0.464054 0.802211
0.15365 0.111309 0.0889699 0.869144 0.442073
0.128925 0.34161 0.406794 0.000265782 0.880805
0.94577 0.935053 0.0558734 0.0963554 0.886402
0.398449 0.954222 0.744397 0.777571 0.92832
0.940287 0.547556 0.546693 0.645806 0.135338

b:
0.195402
0.271761
0.248883
0.326948
0.904821

c:
0.695069
0.978779
0.247955
0.983492
0.723388
0.527582

d:
0.0323659
0.353377
0.0400642
0.80805
0.341151
0.888982
0.75384


Second siamese RBM:

N_v = 5, N_h = 6, N_a = 7

W:
0.689683 0.669281 0.920691 0.109942 0.750924
0.612956 0.850462 0.879813 0.0267717 0.817388
0.221474 0.96297 0.463325 0.107151 0.745766
0.964152 0.0981352 0.177734 0.363526 0.830832
0.773993 0.207552 0.255633 0.421748 0.560867
0.119922 0.120227 0.914024 0.662498 0.314219

V:
0.432542 0.0317748 0.627851 0.184419 0.296376
0.256968 0.679925 0.28256 0.916842 0.208119
0.631521 0.798625 0.532633 0.174793 0.177459
0.733755 0.399841 0.512058 0.0409857 0.474197
0.0108186 0.801129 0.140738 0.294524 0.854384
0.799993 0.386789 0.838996 0.361792 0.908241
0.228603 0.483941 0.658271 0.216064 0.981942

b:
0.72254
0.831948
0.734063
0.701009
0.193313

c:
0.608179
0.907868
0.652418
0.722224
0.231405
0.130128

d:
0.812853
0.327341
0.9556
0.854333
0.156755
0.648026
0.878745

Ro matrix:

                   (0.11142,0)         (0.177869,-0.0156825)         (0.078028,-0.0222074)         (0.0604348,0.0932882)         (0.180067,-0.0633929)
          (0.177869,0.0156825)                   (0.31667,0)         (0.132574,-0.0335705)          (0.0897694,0.167565)         (0.315997,-0.0871914)
          (0.078028,0.0222074)          (0.132574,0.0335705)                 (0.0659535,0)         (0.0217959,0.0841451)        (0.146423,-0.00513636)
        (0.0604348,-0.0932882)         (0.0897694,-0.167565)        (0.0217959,-0.0841451)                  (0.129968,0)         (0.0503034,-0.195496)
          (0.180067,0.0633929)          (0.315997,0.0871914)         (0.146423,0.00513636)          (0.0503034,0.195496)                  (0.375989,0)

Eigenvalues:

0.95564
0.0223127
0.00171132
0.0116861
0.00864968